2972.1730364366163
2964.1466152355897
2971.722360087456
2970.5738392567664
2973.780373564738
2970.494362392972
2970.5420246394724
2973.0827904095167
2974.5470240103423
2972.8063654315247
2967.4418591417852
2967.3888703463163
2975.7762245115373
2971.327200495096
2962.386041930821
2968.476219033223
2976.127712882105
2970.350826640889
2967.7289610439548
2970.7343119489306
2968.7204315940107
2973.328913492402
2967.7549930433806
2972.5047657067917
2961.534964783489
2966.543117122707
2973.9367118158975
2976.79298855406
2966.8998541882747
2969.0681782548213
2978.4987402115707
2965.352965687501
2965.6678652945147
2969.111819967181
2967.375108498575
2968.5468258090987
2976.4332497784044
2969.9535198327776
2969.7968727946136
2970.1832078349835
2967.1489687188378
2965.594335506877
2955.9416693970134
2970.363200428021
2969.308889572569
2970.2173105494353
2969.6880181431147
2972.2502579446605
2968.5547925493815
2970.821697026731
2970.5732637775673
2967.625034509832
2973.88133481249
2969.973556534743
2973.5712940126064
2968.1117476213985
2972.0699020312973
2965.5486363978453
2970.0954499534687
2968.523959967994
2972.683195721713
2976.1828299581707
2972.0816097963384
2969.1961281781596
2970.959009809637
2973.41192846595
2978.587058039525
2971.9298869240974
2963.9018363757236
2969.1268850987285
2972.4681264255087
2968.2762028558627
2967.767783748574
2965.569504757217
2970.4117073866296
2966.664397542633
2968.622148839871
2964.857880269593
2964.2679433953213
2967.979445950604
2960.4949013260434
2970.361151904872
2974.1147059785135
2968.715661938784
2975.5568530377664
2968.3865311984428
2970.4690764996794
2970.6879861363
2974.825913696913
2966.19275245796
2974.12041670127
2966.476414729058
2976.2784797009294
2965.8930974289146
2973.7883858445693
2969.6776995731307
2969.7682846663083
2962.1610068109667
2966.406333491172
2968.2282190344135
