-237.15584004213113
-503.12754079587904
898.5637338886012
-286.18543579673104
676.8315940769223
-1498.0083598510232
-604.7027666733408
-110.10122384255993
504.72835688013527
340.79824243776653
-178.82605982371118
382.89374658902943
-638.9612442343728
-424.09414755542116
-206.2907866612387
181.58179190830742
22.719527276204133
-405.0376600909542
-3.478575548863091
-8.44536377161549
-344.8378196959702
107.17317644015787
367.2392919654092
-127.87256797238732
633.502987029246
8.947618724934728
99.25461484209751
213.30805492444847
-192.49802302646378
-148.7586969213045
11.946462754485538
-254.47178038390695
-91.55540573218971
117.0373584503102
-179.81804393336725
-53.34378727603404
-405.24730694783307
141.79727925601463
-261.00729351048466
-0.5807488655385207
52.58946476101147
-23.856401261397025
18.430869521386995
63.33534789280783
174.5495597876336
162.1961765919505
333.02208690677674
-326.3004300453556
177.34309872549932
66.4279359789767
24.803082524827204
40.60200371948754
-33.68397036151947
454.4518681239786
109.4603540683276
21.176103850958327
339.58146950086905
103.77898179261643
-192.6789051598558
63.79528745049929
-195.1186470759945
-169.64968684371155
-104.28062186641102
-140.3542713252892
-56.47186656542158
-204.171267350189
153.02179629049218
-31.180358827775024
89.47960600346946
7.115997094871261
24.445919664404983
114.84059519558895
14.076380248095745
-22.38805704444539
47.08836305756838
3.053472030901162
247.0080482127439
-33.55511593060087
258.86193859437367
190.25110438479348
86.25216236200481
351.42073875614517
-82.02832572117381
33.91883707616023
24.184165026452376
78.7602375731708
-247.85716527825525
220.41570403939755
-59.68541958045692
-23.271860818595428
254.70076060314693
156.34076483830574
-318.25520965081296
-6.814097017802801
229.16703536266704
-27.991689239674145
38.885704295958476
-3.0993431688197006
206.30032205114048
0.5806833548620034
