-0.16801274563802304
-0.01977152608817878
33.9124454925052
6.676441125548987
3.0033560436254936
-4.971119697204385
28.798774646257
-7.350845507545068
8.06964606896754
0.7630050623476325
14.771979818734579
0.5406487781717448
18.004864194066172
-26.03553236700522
-0.29005796256446587
-1.507656350339214
-0.8023759297160673
0.17517988837163623
0.3791893565551443
3.9962063067645737
-0.8740632738891261
5.640313185267516
-10.322660777443078
-11.44925943697624
-10.751497870513596
-0.5451111262786503
0.1868075705400572
0.09659664246812127
13.833062307125507
-0.4479590695803246
-3.611786498901469
1.3354342342285217
-0.8770586678490135
-7.097859477053842
0.04537710530726624
-10.196516608207075
-0.20483849140024368
2.5770051795363003
0.1757050561399378
0.005652749530499435
-0.12406468318179442
4.933003697676756
0.8329482171764393
-1.354103670318958
-2.1218429646274624
0.39555440431574396
-30.997164137534405
0.3107330990659154
0.22335134585638938
-0.3812444604409029
0.0012727323577705896
-0.5124322538562378
-0.5129561690632505
-0.48991005635403817
-0.18961696425783114
0.43238362700034794
-0.8485334694818114
0.4032618489515005
-0.674369844047011
-0.8633475324637594
0.09361115222194472
-0.7291039902057008
-0.08354556202618646
0.16254600210903902
0.8479985482178813
0.7015777730920387
-0.7012646377549796
-0.1990980585837523
-0.5888583412564925
1.3116934953470825
0.5310818372397965
-0.30373896789456767
0.12157925118417734
-1.8104626163180217
-0.20828832712802292
-1.0480960546601201
-0.3609490081109985
1.2768797585254985
0.8017873488071512
-0.3094105272843142
-0.26973086472687957
1.4596481357196156
0.8760225292476935
-0.33942507732162586
0.6164065081412993
0.6328023330539592
0.4558691316678032
0.33675302382098593
-0.033950111353779455
-0.295817192743135
0.06804354053638928
0.27909145574065963
-1.3722380258566211
0.997285342065708
0.8807398882412869
-0.2678304726910139
1.598607115132987
0.18443034026833427
-1.3049451583876095
-0.9473785974438265
