17673.68420683547
17657.066709296683
17660.534908899506
17691.359329968538
17686.530522685865
17694.439157039786
17654.6278188906
17641.371318656995
17673.861429445467
17649.28957374989
17671.779199987446
17671.16033762257
17663.475509555785
17664.131865298645
17665.02832872593
17661.096436309293
17664.603138914532
17661.10786884345
17651.750927932095
17689.59940378191
17679.523837445442
17708.066788348675
17695.879337859085
17690.838781975766
17696.34881279899
17734.871097472984
17665.20874042425
17644.950879143882
17689.420678259907
17655.712856592378
17661.195507643715
17641.225629011704
17665.359825522857
17680.09291908173
17658.456339715733
17667.624352737017
17660.7099634766
17684.337946534553
17665.097365192993
17677.507755902596
17659.390847483333
17662.326281608333
17670.25217201144
17662.989135115487
17674.801840743843
17710.06265398047
17666.775174048667
17653.38280800124
17667.31739919013
17645.70065323049
17665.074062192485
17658.75451195057
17694.446339845876
17682.55953890332
17639.967136091112
17655.349950186635
17671.69651315728
17681.033601390267
17666.61771873484
17676.580142645158
17678.594209189483
17688.138090206194
17667.894634435914
17662.784125901613
17655.23165859902
17662.52891886194
17673.831165372023
17648.734161951008
17648.132515932906
17677.298883762465
17678.96137974793
17675.293511832573
17658.839133481688
17657.666868824963
17664.224630186338
17661.987403002575
17664.488423384184
17666.354641344078
17631.40748878421
17684.48156673558
17652.248908818678
17682.24747913836
17708.093793904023
17657.739631114084
17650.461899361064
17652.031519342232
17647.018179132636
17648.66931014301
17655.84291505614
17657.45069863628
17648.59566260232
17646.77070604946
17664.450157583466
17657.604496155607
17673.328173046153
17682.220018403455
17663.13923620071
17661.00013566037
17657.188444073174
17649.35151500685
