-41.90672215905156
-30.27262686169177
-44.563356543013896
-84.05555324428116
256.4280623132534
128.20987121095
-38.89675425680617
45.15022068303203
99.48572426945313
-48.46771174601719
-52.737828077976076
-96.57620582771973
-263.8324211777862
-39.199878093931716
-56.87722242429649
-132.46385176633464
-87.31349195950659
-58.35468847456005
157.058738148118
-98.25675686126772
156.53332666723136
-79.05516715319949
-164.21824336621054
-66.40476824907213
24.28306305912284
-122.27348031743551
-3.4533989384188146
91.10017364367778
-85.92073142595858
-98.21796542852321
-4.800310443144113
-80.92490255822257
-11.112842300026273
-132.10527118484887
-36.91406760980213
152.12153991644863
-88.97872729271579
-45.06085293218658
266.7159914460239
-35.15107340142946
-43.486059464167155
-135.48318196169004
42.66475521917803
-55.530739119491386
-128.0769233243022
191.02250396616532
-149.51065328065448
-68.12473290054325
-151.71198439688064
-48.75969745480191
81.43146982661327
-0.14310749307091442
-113.03985563413013
85.08099710157693
167.35419177573561
158.65488851256362
-135.82668809900193
-62.40842738574294
-63.71450501492646
-64.04489346710007
14.610672160525034
-219.60390039017557
-106.90266473253118
69.04123998534591
-36.49297357522812
249.06101832584895
-42.01895737890936
147.91007544235282
124.02041904247824
92.43705810632211
-29.56447858880129
-151.98421881101
35.59058024708897
-105.95523020098236
-342.7071929500048
-58.586045857464526
-178.68013359189908
-49.73880237108804
-97.76539528947464
146.69842730589275
74.4518560334772
21.719330900756205
-168.2727444274363
-76.76534713096201
-62.103417650434494
13.738797608203232
-31.48807845782857
32.64638748047472
-2.5195492209550494
-2.179207131219929
-282.1617939270609
-234.27422945982443
-37.37041976272356
8.748536048225127
-155.71656260028027
457.78353513071494
-11.47706686090659
-181.48627226478956
55.56829789487463
-12.83323593672496
