-2533.199674670066
190.52141918022664
240.0892901507218
98.09086888254924
59.31310060497316
-83.20944585182917
-1.4392391803852433
-56.78716873804541
732.5563252708787
163.72116088817793
87.00069047274673
291.3086648280908
95.15709749374602
186.75840312744901
-193.0146913536725
9.024554089385276
-398.7349799013631
416.36297653860527
-276.8504061777315
32.24807503350148
-142.04578778333
208.00163056560837
128.73861638824246
-257.34156778761076
324.9085688228519
320.83715759521505
39.47458859011951
-67.60640105124952
0.8842301292255854
9.223416932568284
330.5782839384066
325.525699039416
64.68984338369987
-68.44114996327784
331.1853297954268
73.8858929850959
141.82589974600637
-189.11892924792232
190.78632924574197
-126.93472241772889
8.62761031022309
17.351350580817964
40.28649201722445
-16.1299611157651
-165.51024096517523
-33.702227852281396
30.97118493080719
-229.78987602554912
-184.17999114914647
174.77745721425583
-227.30185070291654
320.9796105927873
-9.389337073049681
-68.41102890785368
-74.7583574335311
-9.84738476822223
112.96713365608097
28.73371319232197
0.6049236248985821
-80.30503911472533
63.80923649279936
-77.517020221617
-5.203322488422543
-73.61518803534358
527.8344829882902
-122.53614911795752
65.11300649739795
60.46383565656513
-175.90323543128113
41.58138757332479
-59.56401830138669
-73.98911256724197
-38.027793512899706
103.69447650404072
-14.8238988273053
-9.733717216516574
336.9315483371402
-83.40533511453096
-221.4267818294195
-144.95559447976902
-52.85181368413443
71.06134514534918
87.36551089313268
-11.815404155202522
-150.81748634872505
55.19078330496933
17.77754096803733
-64.40933780948738
-72.18447231744449
-98.74735327749974
-230.49635183524742
82.82442033853712
-51.82374854551492
-0.7925098039705887
-76.26462963420538
16.43023961795651
-62.90584901600059
-64.63290445954681
119.74478521117325
0.30127325527780613
