-2476.384720116748
-7337.501987588773
1109.292096152947
-1077.6747719831908
-59.113370900143764
-400.71865809376754
3162.7449737144157
-1470.6375394433912
334.3096864163957
-138.90821790153313
-237.3105167372787
-37.5794886026174
2277.6863077004036
-1936.4935263779782
-673.9759115505004
-793.2444217152786
-1530.7532920346707
-181.19219414035047
-498.8305402587081
-201.75649511568054
-588.7486354168956
-980.9360897510358
3108.996567188672
90.72551874279225
497.95846008342517
-822.0141169708284
214.94766003152336
1037.7967935405431
1410.0285086380509
-786.5690821915387
-300.47016617518466
51.962771327486735
179.15543631631613
518.4758448969359
-969.0421776119408
376.86440431872234
254.38164206539955
-107.5597270986463
-319.4834282039309
1696.3840381767022
138.81532955775037
-587.8298265952745
203.9276881039342
-142.60185503725484
-1084.047466438233
749.456083279007
-1007.7116896790906
-59.03955479753131
1533.9954075571577
-448.94074341359294
-55.75192054578383
-703.0995960128488
1699.9288530452777
1990.3749010530134
149.63069713820403
-1923.335282650668
1516.2245366725556
-110.85998433942359
148.59185810706958
284.91838596295764
204.38546742782268
85.11197492969404
348.17802957782914
1336.9930556307158
110.31855848196187
-350.83513684048563
347.01584762742397
-42.5747580654122
32.16038321889852
1.0131058306953946
-125.1118307367791
-126.32049644669962
-55.16702298898963
-80.81134319113434
13.614444408166264
144.49129111102224
-68.70519308240526
-309.4609486442766
1355.289901462148
440.4033419689012
139.79138061055028
105.40726538593384
189.9449292141048
-54.70540323002757
-20.433778346858332
-44.75035729825669
-197.85508797237787
335.31612239718163
392.40297969946505
452.9673051765071
590.2673898907361
-9.13996526785354
-37.75819143088893
96.88086961518252
-205.57748455499723
-31.38193332727508
-3.629634566493678
143.5713526044292
-19.011231054286952
-0.35034243321860004
