3.2447406798841945
-56.295642205085294
23.36945728890575
7.84727674883432
21.704513640491356
14.374108600747192
7.540054113029871
-8.510098670984455
30.42406660442561
-27.936533313368503
-5.585835659319027
-8.024324167372196
-47.111871083392735
11.35227192120497
18.719385104013575
7.456196905136309
-47.25830609929502
19.9102814141077
10.941047574564799
13.208288048004796
13.559740594137008
-44.94580015548122
18.041145468404174
-13.14682417996043
-14.731277730743745
30.85869110847733
27.128050253350267
-27.98481654604538
-29.238906627376306
-10.106692507225894
19.31203193949962
18.249209870079696
-6.184109160883192
41.308932647652696
9.952728125045532
29.333356732451826
33.448723111100485
-12.315276535244701
-15.554257811332754
19.977782421471897
33.60899196642322
27.335076553152444
-27.345873824211086
-34.762898840376124
-8.79543475292993
1.1086033773900419
15.605849675889932
22.790476980710196
28.09549989854176
19.533265079549082
8.776621911780474
-43.772699468669146
-0.5436741740129012
57.37908491370697
18.227575025701285
7.2103036686721165
27.09013052211983
-1.7383032002220835
10.094629640150496
25.371263937796968
-8.922253856094212
-45.82631368639324
10.729971093689507
-74.66925845484882
15.801893930726113
-13.523346308086905
-40.40159416581556
-14.319135209287186
-14.06953449472978
25.948623276601406
-0.6480329446923712
-24.095778050187306
24.42144256995349
13.168704408101934
2.4862855696652537
17.018054705346767
-31.686885894896253
-4.837768806665399
-3.3020693805173984
-47.09920862100886
9.225905927226385
-14.288809423853273
13.31634786320991
16.377981415266554
11.951453311137946
-3.822919170191737
11.218358214112477
1.3853005389583402
-33.10239436541955
11.528120317737724
8.32201534287573
16.67007950470864
7.126683896417767
14.125767215988642
-10.890059412786389
25.330119882867148
12.553504812974811
-1.7678374272605106
-8.718823892402742
17.362220442690415
-1.0161652964685182
