61301.58993554906
61304.55202875558
61303.13881799269
61303.86618873352
61301.96322929985
61303.47453992964
61302.32032904448
61303.618493934
61303.13488888844
61304.76865507066
61302.73101725234
61301.474198225245
61304.33367395753
61303.372752201685
61304.108514778054
61303.18556288481
61303.703813942644
61300.26240726732
61301.03238278767
61302.29602357405
61301.1240786577
61304.68462140964
61303.67973876701
61303.66153806575
61303.84445171092
61304.08219196084
61304.11417995218
61303.153611558024
61304.324718514945
61304.87998583665
61303.35441809875
61304.35760748585
61301.62066311443
61302.50020423086
61303.244054755254
61304.153997964
61301.192888031845
61303.27858620405
61302.317454359945
61303.28500548804
61305.240849288944
61301.649200548556
61303.62624890208
61303.01899671971
61302.426118826756
61300.96177931924
61303.51151720209
61303.19392551531
61302.92590129486
61303.20436411135
61301.778093226
61304.61910780113
61303.203610381075
61300.78525140989
61302.84744814104
61302.21775765605
61301.77593800848
61303.630642132426
61302.051883789194
61302.87521196321
61305.32619626562
61303.76602127097
61303.685880402314
61305.57756874069
61302.99098771727
61302.60865031334
61302.03698748428
61301.24916550236
61301.22296237948
61304.49895920586
61302.060937327275
61304.690299363225
61301.41672830379
61305.02879325149
61301.65834132038
61304.332951224234
61302.31456938572
61303.1769281872
61303.88805655758
61302.708394188965
61304.27717739094
61302.01317459273
61303.43557925435
61302.35980311934
61305.06342543874
61304.426331029164
61304.333838018036
61301.999210560956
61303.33952968569
61304.09985478034
61303.611352425425
61302.883878073066
61302.79973998908
61302.44825784048
61303.00740712761
61303.428797688386
61302.711088708646
61304.307489407474
61302.14361716339
61301.44006758499
