-0.8558657957314737
-14.34502070730661
13.944754470612324
-0.39124336518671754
-1.6888371081009552
22.248650572700797
175.78445853453752
-12.950466955146087
-1.0286612334574947
3.2270375997528475
-36.94116110111983
2.9420974907392328
-61.155022909325695
0.3392207526163986
-10.917611080523855
-18.879477105389135
-1.9761859815778848
-12.608512901648652
-131.0010113468781
-1.6264187494436726
7.51752066414719
-3.173832725138336
36.0761831020249
-9.855446637848658
-6.529380010044143
-3.285871791109681
19.911805790038358
22.670200925758785
-36.467120085020404
0.48981226698121105
-10.652348655170524
-0.6604744637389857
55.627982345754916
-13.044877686221952
1.9650874998097976
118.48858745073274
2.4603334353670334
-5.9414111062176005
-15.952094586790297
5.565785323490379
6.24807451430231
-38.67957826060981
-0.8304519965123478
2.100229855500013
-7.476956932512085
-1.3043095878139823
93.27128966467595
3.59974671619433
-84.14982929150989
-13.298331933600132
0.38286110799361595
0.7649764800274923
2.456760994479847
2.6067330896847523
6.262584708560183
5.803414151752735
5.371852434114771
1.1404166427077413
-15.3291511589428
-0.054788553426083464
-6.318904392670682
-6.042096861263113
-19.65514524054303
-3.1398065285728425
-3.693275937222225
-1.7237955527694737
-4.9370916196758685
0.8604040933948358
-1.1189587539433568
-18.97722278252929
-1.7458688196125305
-12.502724733308238
-32.09119477579138
-6.343286259361292
-2.0953794865108564
7.524612869560144
1.4453467422168416
-3.4812102337187056
-7.071118064915535
-30.001834698251926
40.07409822851125
-2.5553203754887424
27.351937246230477
13.409498879284968
-21.612515420407174
-6.723675449651051
2.9239584390772233
-4.270894118056345
5.765260031602153
0.5330213328746716
0.7219363711053219
-14.266559599839823
-18.69744619894
4.8895064210853985
-3.4058575876543897
-5.121082856359568
-2.4363625988292483
-6.983536784502041
5.457365675141919
3.1134213018034718
