-100062.65783183351
-100047.42560293045
-100052.63041948566
-100046.03702736783
-100032.40244955677
-100046.12068257124
-100048.03527115568
-100049.95096287527
-100042.61526351396
-100042.74469339909
-100057.40975923088
-100049.02784624725
-100046.72511355436
-100050.88239536027
-100050.49995768676
-100048.32989573845
-100048.04873800976
-100046.229395381
-100050.8426998865
-100038.56695414853
-100047.57086615969
-100049.96819988161
-100045.22336825909
-100044.71817998812
-100043.35668742997
-100054.10162087597
-100045.84841779369
-100044.69333360679
-100042.14572551716
-100041.19743104464
-100053.65923054474
-100047.76194266934
-100042.71238012955
-100052.00022532475
-100052.41176775497
-100046.12700382604
-100046.52222652301
-100046.81799182923
-100043.39159477125
-100047.25070739843
-100045.41021777164
-100044.37499143415
-100043.63799530044
-100038.5470642798
-100042.32746822323
-100050.40335150076
-100045.71447386382
-100049.61430554604
-100048.96578463551
-100038.2126293426
-100047.73788835389
-100044.34680290481
-100049.58017883106
-100025.63666351768
-100049.554231637
-100051.3262068659
-100039.64841340472
-100037.3406941726
-100056.37947659778
-100051.92504395524
-100047.63207961815
-100037.52848197779
-100048.55956646256
-100054.7713790492
-100045.30380784713
-100046.24315179826
-100049.54924427553
-100046.50522854686
-100050.88564785312
-100039.65533779244
-100046.63741359377
-100045.6037420522
-100046.86845055559
-100044.62707942228
-100042.78720717916
-100040.01688763144
-100042.88314276758
-100049.98692733515
-100050.89956471589
-100048.16532275293
-100052.35083214386
-100047.78516245095
-100033.32952033052
-100045.44426153926
-100045.05215320528
-100044.16340663067
-100050.76065826027
-100045.44101047075
-100051.87444415987
-100038.07534931981
-100030.60395005344
-100044.31209917569
-100048.8231767643
-100043.67998871888
-100045.62380896452
-100043.93123949332
-100057.15723376292
-100046.61118752518
-100046.94862641154
-100046.57032423372
