-0.08835411865876694
-3.721314392081017
10.45037385151048
-0.16520913235758516
0.0371553965577589
-0.7306505984226074
0.7692534356411601
3.1961784534825872
-0.014587457369775292
0.0408618058186781
0.8333573116460467
-0.018786084396361424
0.4616679548809439
-0.24824955209181254
44.277997350276756
-0.06398625002448854
-0.07510085377266706
-0.020376263454609633
0.21537313235404
-1.4861282812188472
0.5644270410934755
10.485494320189748
-13.66396604265592
0.2996110112699708
-0.3756242372312628
-2.3362462147195244
-0.8231238664055089
-0.005248715169119844
-0.48824064029009717
0.6599934510102337
-4.684556214253935
-0.464359697345726
0.40311494352682686
0.09800794348426933
1.2943157194951223
-0.20871380031728437
-0.3115658835616264
0.2135702441425693
0.0010980366823236665
-0.8498820748811937
-0.22652346035398008
-0.2355327612253868
-0.3360192868904015
-0.7246049404022532
0.11825261407169735
-0.014353960580468339
0.09378024319922851
0.31952758098659517
1.265145958442802
0.0372058454946671
0.9384984905849496
-0.353000430798754
4.383786565175933
0.02260800977334121
1.111916070160155
0.3529801026964128
-0.6377877893310364
1.7540317625214072
0.17792043703663363
0.12397584888678814
0.06224778918778995
0.19671696444071785
0.4052572865931623
0.10524480158943206
-4.293914023603216
0.4852395786140544
-0.32083609438594785
0.47251737048264353
-0.12958887221551207
1.2252934321161328
0.33727873824370636
0.49494329299410866
-0.32904208269224977
-0.6594677853827227
0.39184487746541885
-0.056108302017852885
0.31026266192029617
-0.4664586048709669
0.12598846448806444
0.45348098249670343
0.7611532291712331
-0.12460951129891651
0.5510990127489381
-0.19292883778953662
0.20428818273153926
0.2782996834721576
0.37606551803975163
-0.9563711624001945
-0.5462801814260252
1.3694667815163892
-0.31979808136193244
0.2481823362808533
0.5088874357520374
-0.29668744404322966
0.9086900153964947
0.3858771576963058
0.6481966140500616
-0.07145340935191846
-6.583943559727181
0.2620344779870356
