393.139852731819
226.5407903582305
238.60238853761433
152.97110637424572
122.93653093091513
621.1748288952707
-362.0959436038421
-79.05177913010982
366.49461120436274
390.6009133435664
16.319188796295037
-657.1158746320926
-275.57932720801017
-191.34654295835534
166.71689300368212
682.0731632332121
-25.33270657333651
-1261.3469082940524
-98.62594874671495
48.99008340679711
636.9731430984568
-470.3155779273578
692.1213488016001
1094.2927189235425
-247.67707378627745
-67.47030285666733
-1195.45971707138
172.36323332307694
576.8634429294096
-553.4846981047699
445.3804891334909
-1208.2385688559064
58.095478394724644
343.7064633602437
-55.832602085717326
53.18866939376146
-149.95380983673363
-141.56928819376043
-24.42175802166716
-126.4048775375536
-526.0331294591762
-278.6321522329391
-31.67360033710019
-107.38500253395898
99.1460835322813
-28.60627697054656
-136.77404269013414
-136.97048382701115
-209.971316734061
-463.2439885873012
656.591888125678
-1008.3210895750087
106.07332569264724
-84.95297595578882
35.672647497340705
644.7444550430948
132.5572615244644
463.19790114974813
727.6080040372997
-291.54467302254875
445.7906137930996
-193.7942063525026
469.0904922819571
137.88903630102004
-123.23277203467978
193.69344447588998
-157.80676681089773
41.263235123675116
-249.3485183621175
-341.04863856150155
6.50092602258286
85.85378846880604
-125.60215383339596
-235.99708236230478
-113.79623491872826
250.86718576678538
341.63898297858805
160.16131093974928
125.78279503806584
200.61216981642013
223.77412385878753
0.8954976415678289
-131.8226856010832
163.21212494345679
-300.438610905614
444.9391483629594
135.74230424222526
-102.0952220037392
90.87426668749623
-191.68512364648325
96.73121660836216
-192.47887510580608
-2.3328536847044177
-50.787280211621464
-687.4981163549066
-25.39655577003407
-54.968434003321335
22.789134351408798
36.90661227956963
-0.08371859044484609
