151690.33751627587
151695.0549887215
151689.30398395407
151690.20660375548
151693.46421975415
151694.11855027688
151691.26821803424
151699.33670519898
151695.9913620411
151688.77957332978
151692.17681384232
151691.43286454794
151689.08810305462
151691.5898203844
151692.21784003283
151689.0521448876
151689.22531116323
151691.7218584305
151692.32302299113
151688.2100869206
151691.43593485857
151687.83352532552
151692.53308726312
151687.76446846497
151695.2628804671
151688.00425653165
151692.13551760942
151691.58403228928
151692.34910693817
151687.49451820465
151687.0138263648
151691.57158101373
151688.2969542361
151697.9728964316
151697.92560141027
151691.95639373132
151697.60382232754
151688.3473641342
151691.05315000197
151692.92877112585
151693.64075532786
151690.67584000848
151687.62848604252
151693.1969477441
151685.07538687246
151687.77057778204
151698.2186280303
151688.01880305118
151694.24560384444
151689.64845463375
151695.5836847381
151691.94310001493
151696.70585830102
151689.97676479898
151688.95960076363
151693.41906309908
151684.86704980943
151694.63957726434
151693.5319236937
151688.41772329443
151689.60515471996
151690.14185879767
151692.3210797849
151696.0428011391
151690.55768061188
151687.82643422644
151690.59962672708
151687.38338656753
151691.70309771295
151696.21604880758
151687.5101345077
151693.17145456947
151691.17783948715
151685.34593684477
151685.58836214608
151686.1624542949
151689.5377126484
151691.70555094173
151689.37754539648
151688.60519285686
151688.4092163792
151686.6229069052
151693.99182840806
151692.61170274604
151694.85253505173
151691.33490041282
151687.6053119982
151688.8245841459
151689.27089628822
151688.01664606304
151696.92812752444
151686.42475452632
151682.81347355686
151690.39492366757
151691.26872366774
151690.95479628292
151689.70829359535
151690.11257901156
151689.82507373657
151689.72650055346
