-222.18563958731158
-549.7686235406047
380.2170062726448
301.208259249906
725.501980696845
1703.672789490508
123.89135364754043
-265.1416735571355
852.6576554174294
1347.9749764414971
-309.4611721068529
-742.2057555023539
-397.98686328955307
437.25786778977374
-207.66542959295748
-174.925395678089
363.39183770488
-331.3868383069363
556.0224227193419
171.40052826361273
184.90315596478723
321.0515799671682
-61.6258449672649
436.6647735608981
-122.79538029404796
913.9075853788547
-205.91283796235768
-612.6903875843913
-60.28337932107104
196.31200588819905
-356.5853376972866
-77.84673200281213
-139.6796715845585
-299.04721820756754
-23.833651454737264
-224.72463451099736
23.48583279318973
838.348096184102
326.97690291046865
181.41531655968856
-357.5816337213662
-656.0295112921303
-1183.081063027366
-266.4436144185521
-194.89650330084186
-1236.347539228095
-36.21524477481205
243.77878875349273
1084.0282845504419
-261.8947171162904
826.8864410759038
434.96104190992554
46.80673202418264
292.3345829870983
-248.2759947318345
6.1396556169698755
-24.73547262716511
-698.6455277111277
-1126.1045242163975
110.97527945521345
-468.60606201903147
-10.245711125992045
-85.90905433023897
276.02720776446927
578.7780699004114
-1278.6003418551913
-1197.2526002026984
78.03652083708351
-15.935334499557428
-90.26729718091626
-545.4281578961602
-67.51817816464111
-6.089903624547702
192.03156772573777
-283.946286125661
164.88463859506072
-1722.2183591556523
-1711.3220447460299
178.01215657294352
-126.36522660563531
234.59186602112982
-210.19446839201237
1329.6499788082335
576.9031068699408
-369.250083848742
246.64133528181526
2211.598253075567
206.09025449226306
-153.11452387546154
461.9323265791291
-266.659440568746
-559.2021839289372
930.0114830707469
783.6685103722033
-1599.8658164779997
-505.25455143884045
366.9790028286708
806.8970018284728
-485.3655681731408
-354.8087017048559
