68.72917118945588
34.67471808070334
-124.54591056915498
-96.05903834898578
63.722953935580605
-102.90565459441692
67.47656675945738
86.31024305534815
-36.763047946879986
-73.68232357548534
-38.07002290855606
102.10821912432567
-47.31861606101208
-24.578265415731956
-55.83197651066783
-26.113244670105082
21.623947601031382
20.376279519954217
14.305116970212758
-83.41656081173147
-44.92754105665907
-26.290036554069673
51.06588975455164
-62.314904567536246
46.85665156923563
34.620965747808846
112.72679066022292
-38.23316194292594
-21.647846908005086
-98.27887200345369
36.156858630963185
44.092725087077184
39.173675582533455
-9.526663177145828
9.206686416368242
54.714983717395974
-29.12723989474977
32.866268802555375
12.66327684954196
1.3905708954682119
-12.107503199533848
-11.226382555270188
22.639603038964673
-0.3615163923775011
-2.367175249379926
22.75400098151289
4.7413881191991365
6.481292748179765
3.329443819933023
41.69587036511412
9.22439179490219
-29.176129017909282
6.615668632502678
3.4524386180001017
-9.928803287715544
-1.5415967636459058
-19.871679054120083
-38.70466601978913
16.80044223105451
-32.190410443220145
18.626021872607748
14.19193255599132
2.265401335435783
-5.36162110990686
-2.1835513463858476
-35.18413441127528
0.6549833531754317
13.0950023305539
8.33806536901276
-1.8247325926429099
5.313060890531318
5.389787719038388
40.03255108272543
6.198516807316807
15.832678455198348
16.078232876590956
-27.51942409151306
0.464464969118767
9.215099427387472
1.0920206260401315
-8.075967491397055
-11.28806717135155
11.271107277940295
-2.981515853297296
-5.267477983771499
-0.2338050673210299
5.9569731154560905
5.4765085459727345
9.270029932496843
4.392021855321978
5.877907295588869
8.388272622718512
-2.1011559988699045
-5.761819662460081
-18.48433882060396
0.8712803576517842
-1.1429561899407084
6.901994814501027
-13.314030967179207
-0.03998605998353355
