-0.11454778160536604
-0.3660603557516075
-1.2183495282942955
0.25172578696469927
0.10780213243789771
1.3367796296866783
0.33500856998285355
-1.3840453299442006
-0.23830366758531385
-0.564701612031485
0.16527413904463195
-0.32580359751931587
-0.28636858246545627
0.04288898913272554
0.3931150391853624
-1.3409202936599867
0.12388719510781954
29.532121395116576
-0.008233273773782468
0.869050674303752
0.07498637996108393
0.3510079698027919
-1.047134764721667
1.3912153255497968
-0.4694868629074318
0.433923537369924
0.22731669898768136
-0.39868658955747893
0.9149913735609552
0.49907183509776853
0.16899261377860775
-0.030703211948101328
0.17733499088055515
-0.7877518444246383
-0.46411637154351243
-0.6605923259525182
1.3054938303361914
0.15948795912649705
-1.5069336259045532
0.47369939849209847
0.6805998623787821
-0.06377091834077062
-0.22118745018827918
-1.1824389367697572
7.9356100848987
-1.8715615913227683
-0.18090624951546597
1.3497798387990565
0.39031248539650437
0.14429249266994004
-0.5375278985358858
1.6718181193456947
0.21910788631209416
-0.5647244416919555
-0.0006816691519171414
0.003053318475464417
0.012638194143359802
-0.3185146816646478
1.1525765776439996
1.301284177217946
-1.4132360899476706
-0.037734805856349585
-0.1117912984429914
0.3883147390226271
-1.5965642305869712
0.005500103335863871
-0.8742462170529959
0.2883465429954364
0.39228476389416156
-0.02597901633356742
-2.081890829088703
1.540092938948053
-0.20075563574285407
-0.3239290493657231
-0.24350623295499535
-0.2068437295335559
0.2974169303350175
-0.12259495778718865
0.4276037905577814
-0.7465569288535043
0.04032336728042779
-0.5415154223668109
-0.015191645183769895
0.029102450469399743
1.017494887134744
0.959436226098636
-1.9852502601702615
-1.108413874184531
0.6242230061343124
-0.28253764913845963
-0.8086211270058169
1.5046503506527265
0.2548105505377008
-0.3663067339813816
-0.04785776551854859
-0.431139985006732
0.5312190415736741
1.1207132892090792
-0.4898645257782679
-1.0020420698082846
