-726.2901800694701
13.513143682592442
-97.8360587183528
58.267639147821455
716.3147579652336
-644.7576322650177
2579.233991482625
-985.1087465768886
746.2793863297852
-1447.2099430310227
-55.64324547781246
1295.2866499303227
1555.3306819460875
-197.6948261571389
1307.4179083077129
615.544070468227
-720.585197099723
440.33749173073033
-763.7201665838813
2080.6525304234965
491.3499756379483
1106.6715400951605
260.6936820401934
458.9965490177168
808.5669699947666
45.09587910479641
-974.5207530065285
-394.72001653710686
-174.4065434215579
-1530.312017219726
82.76670148120775
-339.8207868987321
-877.4510763345374
331.80442310615035
17.793450016578163
-666.53143025104
525.661782299078
922.7280602539927
322.1809335482585
8.155536491137212
515.5898360648353
-1071.8302874830576
-1042.8439972393805
-2207.8082288969554
-1122.9325669833784
-443.47257358752074
-248.93566924682392
1032.6040892594178
-543.3711114759897
-451.4726371737377
1354.7611289236756
1143.6440057910434
616.5750635901229
288.2577655180663
-613.141375526891
-280.25495127854924
2305.683323560665
416.4692006473342
-1432.8680747201556
768.8283185718369
-127.56194498563468
233.65393119755453
-1071.691147364454
-586.0419914842057
13.515648055183249
3539.763205059584
-1969.383875119899
-662.3983339348474
-728.9950784564223
82.86058207187881
-156.21937332172683
-958.3793295007797
1413.6379500749242
-92.6442860744495
56.45535028745735
-227.08401376106838
-1124.5212992351098
353.04956620644725
629.5155273968114
-824.1715917140077
18.46184155632386
-2567.0242110154877
2187.965777973374
470.4634579638399
455.9907602796545
1026.762673192815
-1047.1812332665972
1569.7528722653717
-83.01278992012774
145.90617827958386
-3.7770171703786843
-324.15486173308693
280.3267216589571
-553.2747478677691
-459.78570094882616
-1241.6692344060862
520.7441717444738
-742.6998041119466
183.41157299972753
100.16823677692514
