-4.568890345420998
-9.92147839648215
4.741155277678958
1.9006923667039715
-33.20380370906874
-17.469876666102778
-9.458424118739622
91.82378381100631
104.95201022742096
-4.82938304409015
204.10425230129044
22.70314314862675
-1.636592981603627
-8.432439341633327
-11.454443475808048
26.69929024644417
-74.91170379408908
-17.399446557258926
11.72024745590555
59.97403986349107
6.001108362219611
10.200547383637762
24.736684390104298
17.181778016536345
2.4220562899277525
-34.36221049837171
-3.192683731241903
-8.50972918563727
-6.502221868046519
-7.23349383837612
-12.214550715991798
-17.1738770116392
24.24377584490931
-1.3847182239474805
-0.8323581259398516
35.09261784222816
-25.76048382104541
21.532915665729888
-24.087422395685355
24.190016822510724
6.402052579727386
-20.460711230502394
1.5487522377722414
16.10218118694974
-16.394510847475477
-12.417435971093287
21.53907319656524
55.57799909867154
-16.63812978761247
17.88697848381007
24.299672644044346
26.08376341856811
1.8750431052391034
45.60379979538775
-26.70363077050024
23.28287322504986
33.606553964235665
64.80719158143124
-5.660460396408903
-19.40695389541204
31.75034927339166
-19.779567762576217
8.149878668251924
-22.76601450801277
-32.30629919700865
152.26694882597175
-44.20397785239997
-10.525692934809236
63.334710406552944
-12.813872638682628
-15.031669272429154
-21.25496656987659
5.884663934855094
-21.68819433627347
94.42029872319654
71.17793511116528
-41.320896997389966
1.8732169469161573
-30.265283899271108
-3.7262384089320797
-2.993759573543091
36.470095249019025
-20.46486467578162
3.1977449561817863
-44.35817489095235
-11.697922755359555
-26.08199412586936
7.972580112008377
-0.5948209513840741
-4.155569791900252
-0.4362964183825704
9.504840953291414
3.530493795338149
-10.425250099395507
-8.46637694170894
-15.090924144892252
2.9080476777039763
31.013037929972153
-6.385666058393953
13.084192468477092
-4.158951857846368
