10338.071494378974
10342.1494856315
10342.962820093651
10343.33995648179
10341.34188589799
10343.0996417671
10336.936000222075
10340.17319018529
10339.573693641432
10338.281168050482
10348.48327514996
10340.591189182218
10340.610132035472
10341.894769708852
10341.238039428052
10339.684848718418
10347.205805746158
10336.746722750759
10341.104321971947
10341.436533494338
10337.767019748826
10341.06974525243
10346.110677244847
10341.479792383238
10342.697006611934
10336.174524497183
10341.098574873515
10340.461596542686
10338.811769383388
10341.288235380705
10342.550199924122
10337.272302533318
10341.850111869453
10339.539731073653
10343.315483395798
10337.513514239876
10343.890228251257
10338.553374079744
10343.780249296518
10341.816161631483
10342.178789276344
10335.930274413937
10339.397863441753
10343.958218288157
10338.347717327842
10335.62804768768
10341.538988653576
10339.748138743005
10342.19443337754
10338.852211544096
10340.956629150027
10341.836016272417
10338.884566330107
10341.16732540055
10336.450528553636
10340.884692158716
10342.768766324407
10342.10921729913
10344.529052501985
10342.852925263129
10346.409713591103
10342.120343550027
10342.196171684389
10340.68597459453
10341.924264599016
10341.770109520672
10337.790164990707
10340.53461862293
10339.538022352159
10336.208804323867
10346.189118479033
10339.333645347619
10340.698359076876
10344.508593428243
10343.826784584271
10339.672772790647
10344.455157397024
10340.123635377822
10340.519911730875
10343.875150189948
10341.771526324696
10339.108365003944
10337.598011253824
10339.504926536736
10339.219016483781
10339.229884448801
10343.719650717498
10340.699080318951
10336.337133409035
10345.306864207918
10345.721528792144
10340.066332232665
10338.046253533636
10338.084485970228
10343.270224940576
10339.710056321926
10340.380081040483
10340.04335248357
10341.653545591873
10343.84230067818
