-0.09452681517655148
-0.018981188690918582
0.0357084524631881
0.5842996411821746
-33.421696993312814
0.485324159881376
34.7050975599937
-0.36033408248227516
0.34116840959788597
-0.31351979101736394
-0.9916634304185674
0.5305558974327829
-8.894315795828032
0.23133262796446497
3.8449084327120167
-0.27140607914074155
1.9958330413533303
-0.5416120888175433
6.677717290982827
-0.13634076850249865
24.696022866914774
0.2170433932270157
0.06680407559159374
0.12190670588829189
0.16703222725053446
0.8005858816192779
0.09912813774880869
0.92799765654899
-0.350889239713291
-0.26355143073062326
0.1170877065544218
2.991248637068782
-0.17192187774009282
0.5252679247306482
0.7473867904989557
-1.0154372416541104
0.003781387138367037
1.0974617969934615
-0.13546824446732408
0.2791517682118059
0.370262761543243
0.27496880732436435
-7.970796036297381
-0.3310997783074292
0.5389399622437949
7.2343162718473915
0.07516692321373952
0.14609231758928354
-0.6261334050853398
-0.678303027087106
3.318594073858316
0.1643225323178834
-0.4004932642278798
-0.7113884252791891
1.3728124688807761
-0.7061274975304084
-1.1263076632783573
-0.14051354816236605
-0.06671440673646956
-0.04255733354999425
0.8808193766372274
-0.3306503160459231
-1.4406009400527324
-0.08700538941329583
0.1312415962667286
0.48807175887796594
-0.0904850493829158
0.5312770918183878
0.9309490915879768
1.132846562293221
-0.35090357936612426
1.1896783751262103
-1.0061981841663883
0.6506807599617976
-0.1676351067100692
-1.1075850277402934
-0.5018886224644467
0.40243550086905344
-0.8422332658935194
-0.3978548932301673
0.9868178552131914
0.18382641469011296
2.255168369472095
-0.6745829686472837
-2.0735865427847946
-0.1010348101764631
0.566253104404967
0.7638453956414892
-3.3879670587456605
0.33492416667727465
0.3022016592040013
-0.7483242840995863
0.6060872027213684
-0.5489397122278845
-1.5722628921607122
0.6642161588852376
0.8817671544890913
0.2132246160249025
4.128231457344229
0.0702209851249489
