0.6655984411648493
4.898547694254263
-1.056160269864066
5.088546247077847
-15.897869286045204
-6.926844755678038
4.925032545146735
-0.21418572899947108
0.03683360497028865
1.2580398056335724
-8.804689563411916
-6.860227017908372
-0.31910693182550665
-3.7039905991147477
-5.3135219613180364
-1.7677049367991486
3.300470508307141
-0.050506783555753776
5.836906106450882
0.576457273259706
-6.035120691465699
-0.9299142400506675
-6.378824918512583
-0.46329443268588655
3.5081209692215465
3.713686194155706
-5.8007043853391345
-1.821416529176913
-5.606750811450949
-4.448814522943142
0.10134561867644298
8.550188968368428
1.7427914945067013
1.9332270878175297
0.0029237194620614915
-1.784508608837292
-2.1952193220114604
-5.275880891854532
1.8010723879122215
8.094728460520699
-3.8782367815438885
-3.2048802905506464
-6.986098400037706
9.384591817445882
13.78629457901803
-1.9109097910620392
6.397320455737736
23.649885141987742
4.765003352201093
1.6438636736689158
0.4989495358325017
-0.20104078837678507
-0.7082261368926537
11.467925811223086
-11.202611067534738
-0.4987572558137692
3.021257779036363
4.912833603653818
-20.54557911455985
-2.3184960565089847
4.468755565914431
-10.988932690585514
6.2065893493835675
5.604178569022586
6.879432694081276
12.735227562269898
2.4250893843431216
-14.829858359014015
6.563014940709913
-0.8635411192079756
-6.191460608334721
-5.487051412725895
-16.252098430076913
6.089577055051537
0.8618367484331788
-1.8126578763812682
-5.6353772831452815
-4.8765970968369885
-0.8400023738736213
-3.283626927478482
10.285866713499622
-15.299052491873503
-4.1077686663277095
0.5879120504117767
-4.746908013062269
7.102430990720075
0.04052223250165099
-1.8269979371275316
1.204251234407664
3.3904759763993155
-10.339301660182928
5.290561036206821
10.914248793517364
-3.8028815603405905
8.03367091661481
3.7201473670868177
-3.999203909616476
5.26261711989296
1.311778518495553
-0.19403334309551085
