-15.012294537752366
39.97027708175237
19.53790355669907
76.33046849397645
24.699662189420792
5.246172405455127
-232.26241821926212
7.483017177609149
-499.3761766296146
-10.558389696253329
-63.39082909021438
-13.254718931813557
66.54125563997032
-202.43602091313755
-833.0285488055009
-31.765011738991518
46.56724698837333
347.7459495587501
182.60757177840597
58.17684633846031
179.2735395916962
-28.230876751913073
-71.93294398845957
-14.005758244233864
33.58133530222612
57.77293949247493
43.316976552299764
242.31712840420087
-369.9213015250353
79.40862973677773
63.08184827740194
5.785322295172833
43.64921000723778
-8.036984317936417
-17.67957548282567
-71.36735013337488
-24.215105182478073
-347.21372099147027
-8.226415065019753
64.00307469482047
-118.67249905921295
-2.393577389580951
-44.30860760203547
-18.821868223473047
6.545901395705812
24.481885206644414
2.3007497964552
72.4765935315681
-54.50318266851151
-4.136372862620362
-209.9360246232356
14.056166608538078
61.173417687883614
21.071071195453783
-132.85290752336965
-26.961344181320932
25.7830823584476
228.55262830090203
111.61616956464087
4.626736305238516
-101.90106286994856
5.752770846275581
-12.218020235779207
28.86448044054987
86.02315736983977
-37.21055807744608
-99.22318424749885
-6.85671785455915
11.703432407467744
2.970758831258138
137.11546075339783
91.01115326639025
663.7106527461805
1.820015931578368
29.192686753669626
339.27706769264444
68.5731750717486
7.512426315776452
0.7829389145193204
31.26745807834915
226.46647482607534
81.04759614640994
-146.40275754298818
3.135081053231403
-58.457057910993655
-71.68270701228313
7.679707278661027
-293.1613047071686
11.997713471012688
229.19714543461868
93.51079537502534
-36.50675739798049
112.47300452169621
-19.77077627691375
-30.64038690883828
-5.847342278361978
130.52720773766703
164.12016288267915
63.28489040596298
104.75579453135441
