8.046799760620694
0.21567775231375474
-3.720174644703169
5.180319649918495
-40.871332304598596
-44.52316539913566
15.363684656489408
25.597268360398257
-8.282779054779414
5.319864163957703
4.515715796504512
0.3562251367690976
-6.567260545527403
9.314356054404033
16.603330471206956
-2.525772284826763
9.66912178362213
5.022518793671358
8.513947854557422
-3.3255713126087656
1.9153310472296416
9.850309536151313
4.586284707086243
9.704358844573074
-3.636433183490671
1.5490876649706244
4.057293859286849
3.0621319713520716
-1.7152866883778124
13.905049755359647
-6.535522127735038
-3.366034386702654
2.5055523485008067
9.212113645557082
7.456220562764572
14.194033904882957
-2.3067027164329588
9.882825670582722
-7.768896522293572
6.061535679978773
-4.894612253580099
6.657518824546143
11.66240682290781
20.51508119810686
10.037359934078992
8.02380289742094
0.22010841571297401
19.391740330447888
-6.3938629723894165
31.531269028823015
36.56229480098152
-9.428028976112387
-41.46400128205144
38.32760443539238
-4.510187915885531
9.930346376907845
-32.74491333212104
-14.795495655173973
-13.466532214254876
7.327422852620933
10.922667525116532
20.413931825980058
-25.829986786099774
10.254589575446792
20.264945915333
1.610686157863114
20.333868562799587
1.5953065065034595
4.361093846183788
-16.109190571986318
22.583336889134486
-14.262907306974219
6.226182931778633
7.295481011087425
-11.650832952260343
18.911820426004688
-0.8290092283937769
-9.760488408588563
14.923158645359587
9.674193606433356
9.470468772191362
-14.799301967494088
-8.064822994519911
-2.07687870940941
13.219409294343965
-1.1352523903975147
-13.149192780943439
8.243054722150418
-4.672215528021412
-9.72792597104264
8.815590245502468
2.1558216497006963
6.106440746504381
16.34076324038511
15.110256769868702
12.57345718777928
-11.788550117671907
3.6155671105893514
2.028144654816093
20.773297588721285
-0.030742050322828618
