9329124228916.213
6.158447265625
11.7506103515625
-2847552816228.549
-6.8299560546875
-5.10205078125
-25.6715087890625
1.0543212890625
6.743896484375
10.7286376953125
2.41070556640625
0.401611328125
1.10675048828125
-23.3062744140625
-776245607515.734
-1763818543872.803
-1690859231194.102
-4.7037200927734375
-697321407679.4004
2.6634445190429688
29.978721618652344
-29.616249084472656
-30.179092407226562
-45.80463790893555
-36.5036506652832
17.420183181762695
-17.34828758239746
3.10811710357666
-12.921158790588379
1.2719898223876953
18.30754566192627
-1476577679979.5393
-4.58048415184021
-11.366607666015625
-730467523173.3607
7.984232187271118
-13.20263671875
8.2581787109375
5.235931396484375
14.6015625
-1226221872573.8325
35.14468193054199
-4.767486572265625
-30.123626708984375
-16.1268310546875
-795350168802.8173
-1161790414153.5913
20.13189697265625
-8.16403841972351
5.6085205078125
-24.690338134765625
-1249306501072.0928
-1241502447584.2727
3.342132568359375
13.76458740234375
-20.85906982421875
-24.949981689453125
-1277060299261.2607
17.75189208984375
-4.338470458984375
8.564651489257812
3.3472137451171875
-1411154056523.3389
-10.947532653808594
-4.38360595703125
-1316307274358.6128
-4.7630462646484375
3.19097900390625
2.29791259765625
25.66455078125
36.9830322265625
-32.39825439453125
6.08251953125
-1273083447710.939
-1273083391596.3904
7.25299072265625
1.1761016845703125
8.230133056640625
-51.30870819091797
3.2840957641601562
-15.467227935791016
-17.6126708984375
-17.710418701171875
-11.746055603027344
-0.8559799194335938
19.678314208984375
-1273083399248.0466
13.763916015625
-12.60498046875
-2.01727294921875
-3.0504150390625
-1273083399248.0466
-6.817752838134766
-1273083399248.0466
-4.0234375
-30.559539794921875
17.787109375
30.49683380126953
-21.528952598571777
16697828651460.84
