66.85514003877122
24.874131832069963
-161.06612834243742
-51.64096286980836
27.63014464267357
0.8491067393783567
-1.4482328133598799
2.6379959252748506
9.464241768154068
-24.107707079315617
-1.8328032644872252
-309.70917554065227
29.65452602258921
-50.627291515764796
-649.1511857231493
363.4958847642953
30.734262197730324
-52.53823852296539
21.654426517669325
31.143563786167974
-74.7886701428031
126.3385184491988
16.548930221869476
-8.4765175150267
450.1386209704832
71.37158925171714
-57.08394512108448
405.09543984675247
22.10774125441509
176.50093540928003
42.650896073048514
-2.62931862996723
65.00546004682558
48.91565124416606
16.8268370829788
14.948430114107964
-180.33283727231475
16.635333628106963
100.2631804698663
26.616803413686217
-26.040047790719665
39.47374541184546
118.6671472031301
133.23708591370297
26.006908402012115
-4.079760636976182
-618.988805338529
4.335597135289127
-25.014714956532856
-143.06630117134947
-9.63446215929423
-621.1938251309712
-30.519395714475202
393.8134111849266
17.17152710934065
16.82774972329227
-4.861893051243911
104.42017700721081
97.9005812448368
59.32323079469495
29.549195013198926
33.60647005172004
65.06088761441578
87.51728387229659
57.44838189586395
118.21860792369768
5.14766801917699
-40.453961863587
-7.3763660209931246
39.606322986945926
-5.4273039697678485
64.49432796299645
11.177436591374118
-0.7327381476837118
12.200658513320988
60.261035816001694
-4.9640731509544445
34.69089660748922
14.470618181428982
-104.16447989668026
6.550820470910197
-27.19378838524139
114.36907234483095
-95.80212595415455
20.50468430422484
0.19455520776355684
-414.85196485691375
-8.589893492966851
11.678307146355493
-41.70608904394171
53.40510320704314
20.10786668144732
-268.7780731165528
-42.620791080910195
117.20064880889038
-39.11356603784204
-148.6379985823737
39.440598703489826
-89.87420912545375
9.89289393296761
