0.4779010346138624
1.9156886732976552
-2.4033645154150203
4.315935982981996
5.948011827550581
-10.894198413817882
-8.60473902620929
-2.667114450021579
0.3250022954828724
-1.6146893866750944
-10.58855415192328
2.6015121232403997
-7.8140245573342
-4.333812541975611
1.4479691772175194
-4.127222386466578
-6.897308177059197
5.057050405143391
7.013659381184838
-0.6353594103687232
-7.78103870251854
-9.730863809442594
7.230368541606731
3.917764150735068
-5.433418140669451
-4.744814740154118
-9.266151564694173
5.399081733662337
-21.071688468084627
-1.0152812502817028
-5.621174709755799
-3.739086873334868
-7.132106660290481
0.627866134685775
-4.642430232768367
-9.75484329485372
-11.946555035959712
-2.497400570952298
1.0986077695202912
0.9516375949418716
17.68937807486132
-11.032846891299593
-13.103578946091298
6.687482632822581
-16.87870862725359
0.7603136307938936
20.019079880066077
-11.904105388771384
0.7954896233674937
-10.555540743756696
-2.7290164596326116
-0.32814139755030425
-17.788638405690705
-2.559661690478421
-3.515027844795969
-5.787628211135899
0.7548407100638859
-0.750336799739519
5.505160849840642
11.651988511604491
2.60235257939047
10.093649886893525
-3.7800563190808782
-0.5839048610545241
2.1407324313391225
-0.5710111376345113
1.2799359784947193
-0.16640961715927283
3.292090991324537
-7.271503229051406
5.385018690397164
-0.05396561984923931
-7.801340936335078
-3.7692532795514575
1.666614374579539
-15.502520930095729
-16.295061157862524
14.493513599207713
0.356161575509226
3.7862411623172827
6.43704947378931
-1.4372543500526058
-21.692581255610094
-14.651591177474796
4.48975685951305
-2.180910843057929
-2.457421182775354
1.3488248239819933
-3.9031948676125774
0.9907759870474582
4.262945322103597
6.243378417747424
-0.9287831967165117
-1.945640224461445
0.05341416915902775
5.786699963593275
10.625515005034554
1.4404414886214063
-0.1600639063351046
-1.7437773615822798
-0.18876649479532404
