2424771.576986566
2424774.571581063
2424751.2622061027
2424762.8261112464
2424718.166129889
2424760.533011092
2424751.73555365
2424752.932268057
2424777.712980962
2424727.655567683
2424750.098403839
2424751.9385618204
2424800.142016978
2424700.5299281506
2424788.8674188247
2424745.9187732553
2424779.6284443
2424762.345997446
2424721.603312148
2424726.4746508114
2424742.6183797074
2424751.5546997376
2424691.6546256715
2424748.27699411
2424761.377198498
2424757.400772082
2424725.4119383204
2424743.2129650535
2424751.495076885
2424789.8777721995
2424735.626349019
2424753.1626337655
2424748.5823128363
2424748.854807453
2424757.275288767
2424755.7323810635
2424738.2309258003
2424753.620116888
2424749.6968932543
2424732.998582833
2424725.773429015
2424745.387143605
2424769.67981009
2424747.328829262
2424765.9195113215
2424742.1718829614
2424768.8598342827
2424739.590939678
2424734.3219218296
2424732.026917993
2424753.255928455
2424746.619397534
2424747.4545454527
2424740.773787194
2424756.882880736
2424758.438973318
2424739.1110909353
2424712.5824007173
2424746.7712916685
2424758.730213243
2424756.176756365
2424757.893482402
2424748.9331020433
2424735.557777951
2424751.6893293606
2424715.7941559367
2424754.063344175
2424744.8179719825
2424749.8335209414
2424747.7443732945
2424818.3180728145
2424750.966836688
2424771.1989636975
2424729.4909659005
2424741.8001766885
2424750.244994333
2424739.082790091
2424760.1083215876
2424748.436629907
2424710.5543676014
2424788.3411591025
2424744.703329812
2424749.673021844
2424721.1209374866
2424753.8742671343
2424747.2275050804
2424731.648577
2424794.734113525
2424769.516495249
2424747.584120234
2424761.2265256713
2424772.939664885
2424782.0311314384
2424733.1893567196
2424745.430308102
2424758.3303854344
2424760.4891063296
2424781.2326523694
2424751.003187111
2424756.874352493
