0.36033703593202854
1.171845154992373
-2.074023131215328
-43.56978372852904
-183.67021729884743
-24.090365883965553
-0.297271310292607
1.1278321008394947
22.425113717816767
-0.9375415299916696
2.920442095714752
-2.3738476540854228
-0.37163235706037057
1.0450285623808009
-1.8421742085215378
-0.6225392541537396
-0.5101886542233176
-64.87666720070892
-1.0510988171774853
-0.5636646551805509
-0.9716730420550714
-0.17627383058601254
-0.4422376168337969
-1.9509514374104988
-43.732231641060736
-2.2890305203184145
102.74043154151245
-1.3697433092535505
-0.060120172720711906
-20.351211338485037
0.13549888742643645
-0.9762431906815507
-0.3749308032025951
0.15439504768760415
0.1573784877712585
-0.9749592443461914
1.7332210893785236
-0.03018055896802707
0.26910654969545256
-0.41415651947291554
-1.7408826089241947
-13.810241770315708
-0.24235231939866253
-1.3468042517101964
5.824993185724651
0.13205642788253913
1.610157080743269
-0.5408319592435902
-0.6093505780994022
0.11878870553843601
-0.8275075503557474
4.402387100645119
0.08894616931664423
-1.6979838702598413
2.1081906760000813
-1.8094543673921635
-16.48623086483505
-2.1243625230052503
-2.4051673204525006
-0.6078203378889171
-0.5505819778223718
-0.1973085898229478
-0.11144233379261448
0.3755184624024821
-1.2264641648799586
0.5589648956330322
3.5265600825661547
-9.707898580183587
-2.1471592560145494
-2.06058853682164
0.1167198924713162
0.17487997293723723
-0.5149138752699578
0.9910334505985485
-1.8837348485260073
-0.7906951011931049
-1.8945624976423612
-1.4920696383914702
-0.43178374717757606
0.3672325182743412
-0.37390888416324763
3.2787498140952387
-2.1502713938509785
0.18161256713576535
2.2619714619860884
-0.8546669322803879
0.9423123821737924
0.04275695377124844
-0.9836818136818568
-0.3095931385347219
1.04226170077273
1.181454457522328
-1.8095590934365475
-1.088285596738583
-0.09812402478778637
-1.444929114843962
-0.3891256151719986
-1.3014482071909512
-1.4212440800217991
0.36215537495449013
