-27.291994335589024
-6.99616479960504
32.90933319040826
6.4241597552007015
-45.72483826539026
-48.5439230652564
27.23564997228918
-31.10591086569953
-58.362876727116856
99.58258768081933
23.594447520760063
41.61689765416013
-42.7617579533085
55.304624157724085
-26.295692900194098
153.13512861061
-12.577824920060458
30.557183489615078
-44.717627042425924
-10.665778533884353
48.356354860005915
-45.54345768865554
-2.3376144568098165
-89.23196999017608
-44.78411532792696
13.509567234003754
25.80619749209477
46.57196749220586
37.80679351334763
-5.716414883717626
-6.841266843690981
-53.91382589562626
-18.415328476090746
-24.935906701185594
-25.314621765970706
8.802737674995267
-38.67936127288702
118.54602060713573
-0.3156872347681059
-25.879425284699348
10.610716564680484
113.02119974877256
26.69634120318217
12.23479461891879
-25.80539167786629
16.23131408000476
5.491935323653168
-44.39168580812167
-20.878988331511817
9.865831846418175
158.11416737169083
-1.0696400310212422
-2.057925958933641
11.096637041655455
-4.19418640437269
5.317967927984363
12.47731812017321
-93.45039808158528
10.490916398173063
3.637376414160215
4.171428756100813
-10.988092264584637
11.110690930504038
-46.70549669236857
-78.00284904067135
-31.303859519781223
7.5136698105364985
-58.896259110362266
-59.10652993650158
-47.021032897326
-70.05082672967681
2.274953876765684
63.58392171320848
-94.44750074652968
-1.042799946519068
148.51237711990711
40.372789844927226
-16.36068136602219
-17.337361608228683
-4.2018037475686825
-72.08367265752159
47.05758262524154
-12.896716689419774
-68.13391500438487
30.126154213515285
-55.17276892430259
-49.59085670101295
-81.99974526293164
61.37658644512374
50.1603427053705
82.44907995846147
12.727069477893224
17.08198478329158
-64.07438676798256
19.855459180451888
24.691495813610448
-2.890385649001149
-128.8764192316657
0.2888863608976777
73.66567477345507
